--------Proj04a.c Results--------
Dot Product:
v1 * v2 = (0.353553 -0.353553 -0.353553 0.353553 0.353553 -0.353554 -0.353553 0.353554 ) * (-0.191342 -0.191341 0.461940 -0.461940 0.191342 0.191341 -0.461940 )
Result is: -0.000000
V3 = (0.262866 -0.425325 0.000000 0.425325 -0.262866 -0.262865 0.425326 -0.000000 -0.425325 0.262866 )

Multiplication: 
0.092937 -0.092937 -0.092937 0.092937 0.092937 -0.092937 -0.092937 0.092937 

-0.150375 0.150375 0.150375 -0.150375 -0.150375 0.150375 0.150375 -0.150375 

0.000000 -0.000000 -0.000000 0.000000 0.000000 -0.000000 -0.000000 0.000000 

0.150375 -0.150375 -0.150375 0.150375 0.150375 -0.150375 -0.150375 0.150375 

-0.092937 0.092937 0.092937 -0.092937 -0.092937 0.092937 0.092937 -0.092937 

-0.092937 0.092937 0.092937 -0.092937 -0.092937 0.092937 0.092937 -0.092937 

0.150375 -0.150375 -0.150375 0.150375 0.150375 -0.150375 -0.150375 0.150375 

-0.000000 0.000000 0.000000 -0.000000 -0.000000 0.000000 0.000000 -0.000000 

-0.150375 0.150375 0.150375 -0.150375 -0.150375 0.150375 0.150375 -0.150375 

0.092937 -0.092937 -0.092937 0.092937 0.092937 -0.092937 -0.092937 0.092937 

